14.18821773
14.02236145
13.48973057
12.5186362
11.09031697
9.325825871
7.472806724
5.782806628
4.400807596
3.352379558
2.592946349
2.056804353
1.683304
1.425202287
1.248606398
1.130322192
1.055075452
1.013359073
1
14.02236145
13.85816143
13.3311789
12.37117186
10.95999183
9.216978761
7.386172058
5.715808934
4.349363066
3.312481058
2.561358473
2.031136881
1.661850369
1.406748122
1.232274001
1.115458216
1.041172441
1
0.986817039
13.48973057
13.3311789
12.82334314
11.90060328
10.54652809
8.87441669
7.116169748
5.509181808
4.192272963
3.191682704
2.466368226
1.954344024
1.597903011
1.351886434
1.183809028
1.071405211
1
0.960455695
0.947799513
12.5186362
12.37117186
11.90060328
11.04957884
9.804213725
8.265704761
6.642663366
5.152177784
3.924878673
2.988798748
2.308577247
1.827861097
1.493236687
1.262493757
1.105086243
1
0.933353683
0.896492567
0.8847035
11.09031697
10.95999183
10.54652809
9.804213725
8.72234471
7.383892166
5.962702462
4.645359778
3.550173515
2.708110965
2.092719919
1.65639868
1.352324528
1.142745432
1
0.904906749
0.844730844
0.81150783
0.800892901
9.325825871
9.216978761
8.87441669
8.265704761
7.383892166
6.290998515
5.119630897
4.018527523
3.0892978
2.365415941
1.831190592
1.450065754
1.183673168
1
0.875085537
0.792083125
0.739707105
0.710859311
0.701654782
7.472806724
7.386172058
7.116169748
6.642663366
5.962702462
5.119630897
4.206906982
3.334529899
2.584320597
1.989727263
1.544968715
1.224818047
1
0.844827802
0.739467472
0.669686198
0.625820211
0.601738892
0.594069758
5.782806628
5.715808934
5.509181808
5.152177784
4.645359778
4.018527523
3.334529899
2.670286579
2.087791377
1.617316351
1.259954059
1
0.8164478
0.6896239
0.60371939
0.547087523
0.51168064
0.49233511
0.486191114
4.400807596
4.349363066
4.192272963
3.924878673
3.550173515
3.0892978
2.584320597
2.087791377
1.644852861
1.280729896
1
0.793679732
0.647262298
0.546092801
0.477847031
0.433167225
0.405454461
0.390417823
0.385661663
3.352379558
3.312481058
3.191682704
2.988798748
2.708110965
2.365415941
1.989727263
1.617316351
1.280729896
1
0.780804761
0.618308224
0.502581444
0.422758629
0.369261087
0.334582581
0.313314353
0.301888519
0.298295579
2.592946349
2.561358473
2.466368226
2.308577247
2.092719919
1.831190592
1.544968715
1.259954059
1
0.780804761
0.607957115
0.47897506
0.386948895
0.323698156
0.281676373
0.254784946
0.238534086
0.229918723
0.22723102
2.056804353
2.031136881
1.954344024
1.827861097
1.65639868
1.450065754
1.224818047
1
0.793679732
0.618308224
0.47897506
0.37449164
0.299892348
0.248847369
0.215268579
0.194092681
0.181515157
0.174953364
0.172926412
1.683304
1.661850369
1.597903011
1.493236687
1.352324528
1.183673168
1
0.8164478
0.647262298
0.502581444
0.386948895
0.299892348
0.237704329
0.195326581
0.16770919
0.150542026
0.140525035
0.135388127
0.133818529
1.425202287
1.406748122
1.351886434
1.262493757
1.142745432
1
0.844827802
0.6896239
0.546092801
0.422758629
0.323698156
0.248847369
0.195326581
0.158957278
0.13542993
0.120981819
0.112683462
0.108495422
0.107229109
1.248606398
1.232274001
1.183809028
1.105086243
1
0.875085537
0.739467472
0.60371939
0.477847031
0.369261087
0.281676373
0.215268579
0.16770919
0.13542993
0.114648072
0.10199696
0.094817934
0.091240944
0.090168748
1.130322192
1.115458216
1.071405211
1
0.904906749
0.792083125
0.669686198
0.547087523
0.433167225
0.334582581
0.254784946
0.194092681
0.150542026
0.120981819
0.10199696
0.090501187
0.084029353
0.080833086
0.079880906
1.055075452
1.041172441
1
0.933353683
0.844730844
0.739707105
0.625820211
0.51168064
0.405454461
0.313314353
0.238534086
0.181515157
0.140525035
0.112683462
0.094817934
0.084029353
0.077982784
0.075012121
0.074130465
1.013359073
1
0.960455695
0.896492567
0.81150783
0.710859311
0.601738892
0.49233511
0.390417823
0.301888519
0.229918723
0.174953364
0.135388127
0.108495422
0.091240944
0.080833086
0.075012121
0.072159644
0.071314664
1
0.986817039
0.947799513
0.8847035
0.800892901
0.701654782
0.594069758
0.486191114
0.385661663
0.298295579
0.22723102
0.172926412
0.133818529
0.107229109
0.090168748
0.079880906
0.074130465
0.071314664
0.070481016
