20982.89063
20856.808
21525.99023
22776.48828
23377.29688
25987.18555
26038.44727
26404.9707
26851.46289
26607.32031
26290.05469
26306.11133
26052.49219
24362.38086
22673.03125
20764.80273
21504.48828
20316.99023
21761.65234
20037.107
21731.871
22916.38867
23961.56445
25762.58008
27291.0918
27809.782
28578.52734
28848.92578
28671.58789
28181.07422
26445.72461
25832.76758
23783.45703
21399.98438
20223.07031
19698.93945
18833.83789
19568.25781
22883.24609
22667.94336
24061.75195
24949.61133
27258.49414
29406.02344
30621.26758
31287.41602
31304.51953
31082.06641
30385.71484
29018.53516
26621.10547
25050.54297
24300.4668
22997.50781
20870.37891
20974.83984
20338.61523
23636.60547
25162.63672
24954.60156
26825.75
28500.25391
30166.36914
31830.33789
33027.34766
33223.09766
32637.23633
31947.17578
31365.92969
30058.47852
28814.71875
26858.875
25113.22656
24661.19922
22866.75977
22451.39258
23720.96094
24216.67969
24500.22461
25524.18945
27140.84766
28858.5293
30812.45703
32818.44141
33940.30078
33531.92969
32389.17578
31293.66406
31225.66797
31030.38281
30747.55469
29096.96094
27446.91406
26365.9375
25900.76563
22126.44531
22216.45703
22549.88086
23283.80469
24658.34961
26231.67188
28305.96289
30723.4375
32956.41406
33586.01953
32296.13086
31256.75586
30506.95703
30153.71875
30231.94727
31221.67578
30102.16797
28774.44531
27324.47461
20233.97461
20563.32617
20534.85352
20862.49609
21641
23036.50781
25144.95898
27670.63086
30324.4082
32552.54492
31958.87891
30586.05664
29897.33008
29289.40039
29107.70508
29370.52148
30832.95313
29759.0918
28054.68359
18662.90625
18719.66406
18576.11719
18725.17969
19299.76953
20387.37891
22162.67188
24280.97266
27014.66406
29787.83594
31690.39063
30487.69922
29236.16016
28410.44727
28046.23438
28076.65234
28628.14258
28777.33008
28098.66602
17803.07813
17444.51367
17144.67969
17048.36523
17276.15625
17930.04883
19174.70313
21096.40039
23839.03711
26553.69336
29221.57813
30393.32617
29533.59375
27954.22852
27382.14453
27272.72266
27351.04688
27153.60938
26263.79688
17652.01172
17204.57031
16769.32227
16476.04102
16456.89453
16806.32422
17643.82227
18977.32031
20984.27539
23713.96875
26328.70898
28654.44141
29159.88086
27991.35156
27181.31055
26848.97266
26459.71875
25884.90625
25509.77344
18234.51172
17788.06055
17432.14844
16846.6875
16501.39453
16550.07813
16987.22656
17934.20508
19371.33984
21456.58789
24060.83789
26364.39258
28016.5
28209.38867
27223.86523
26353.83398
25764.96289
25319.61719
24751.01758
19749.11133
19258.60938
18607.00977
17969.21289
17456.61523
17312.78516
17549.36914
18101.73438
19119.92578
20677.74023
22846.73047
24847.20508
26556.64844
27366.07617
27118.98438
26323.69141
25511.15039
24795.54883
24313.05859
22289.7168
21774.22852
20983.44727
20194.24414
19354.92773
18985.38086
18956.67188
19326.33984
20019.00586
21143.36133
22872.46094
24549.47461
26113.53711
26955.60742
26934.09961
26321.21094
25505
24837.477
24367.16016
25653.89648
25075.72266
24153.29688
23155.33594
22268.71875
21643.88281
21399.87109
21514.68359
22106.02734
22906.41602
24188.28516
25567.15039
26762.10547
27436.66016
27448.54492
26772.61328
25918.01953
25247.65039
24807.61133
25602.35352
26284.81836
27291.44141
26853.96875
25791.74805
25043.47461
24645.18359
24561.05664
24833.79297
25488.9375
26405.41406
27397.05859
28345.94336
28789.78906
28464.54297
27380.87305
26202.57813
25247.89258
24980.46094
23757.23438
23521.04492
23929.93359
26400.28516
27164.83984
28175.25586
27847.80859
27724.30664
27814.64258
28220.11328
28813.92383
29675.0293
29799.48828
29578.31641
28742.36719
26984.14063
25488.66992
24491.01953
24058.00586
20085.3457
21161.78125
21707.64453
22776.82813
24058.70508
24705.61328
26486.39844
28148.87305
29588.65234
30139.14063
29473.55078
30580.66797
30294.11133
29332.03125
27310.69336
25186.49414
23493.26367
22194.18945
21811.51367
19882.02734
20663.86719
19617.2832
21095.49805
22459.33398
22886.99219
24608.96875
26314.99414
28042.15625
28511.10156
28588.80273
28323.13477
27682.00781
26670.54102
25514.67773
23695.69922
21739.01953
20526.4668
20096.25586
21321.60938
21266.60742
20341.58008
20525.54883
22512.54297
22873.32617
24454.17188
25934.97852
26271.26367
26683.43555
26700.92578
26353.14453
25530.81836
24421.77344
23329.58984
22034.41016
21122.48047
20699.34375
20450.37695
